0.05 2.32 0.21 0.073 26 340 690 8 18 
0.05 2.25 0.19 0.072 30 340 695 8 18
0.05 2.30 0.25 0.080 29 300 700 9 17
0.04 2.18 0.20 0.080 27 350 700 8 16
0.07 2.27 0.25 0.084 30 320 700 9 17
0.05 2.42 0.22 0.084 28 310 700 7 17
0.06 2.23 0.22 0.084 30 320 700 9 17
0.06 2.43 0.26 0.085 27 330 695 8 17
0.05 2.00 0.21 0.073 27 330 695 8 17
0.04 2.55 0.20 0.087 28 360 700 7 15
0.05 2.10 0.17 0.078 28 350 700 9 14
0.04 2.27 0.25 0.071 30 305 700 9 17
0.07 2.38 0.22 0.079 27 350 695 8 16
0.05 2.31 0.32 0.062 28 360 700 7 15
0.05 2.29 0.21 0.082 30 340 695 8 18
0.05 2.26 0.23 0.084 27 320 695 9 16
0.05 2.41 0.23 0.081 26 345 700 9 16
0.06 2.41 0.22 0.083 27 340 690 8 16
0.05 2.27 0.20 0.069 26 370 700 6 18
0.05 2.18 0.20 0.084 27 350 700 8 16
0.06 2.34 0.24 0.079 29 320 700 8 18
0.05 2.33 0.22 0.078 28 350 700 9 14
0.05 2.32 0.22 0.071 27 310 700 9 18
0.07 2.04 0.24 0.068 28 330 690 8 18
0.04 2.60 0.20 0.088 28 330 700 5 17
0.05 2.51 0.24 0.087 27 360 700 9 16
0.04 2.18 0.23 0.083 27 380 695 9 16
0.06 2.21 0.21 0.081 27 350 695 8 16
0.06 2.20 0.22 0.060 27 320 690 8 18
0.07 2.39 0.30 0.085 26 365 695 9 17
0.06 2.03 0.21 0.077 30 300 690 8 16
0.04 2.47 0.28 0.074 30 305 700 9 17
0.05 2.31 0.22 0.074 29 290 695 8 18
0.07 2.41 0.22 0.081 26 320 695 8 15
0.04 2.37 0.37 0.086 28 320 700 9 16
0.06 2.60 0.22 0.087 33 290 695 8 17
0.06 2.13 0.23 0.077 28 330 700 6 18
0.06 2.25 0.22 0.085 29 335 700 9 17
0.06 2.36 0.23 0.080 28 330 700 6 18
0.08 2.33 0.26 0.082 28 325 690 8 20
0.07 2.18 0.26 0.079 29 320 695 7 16
0.07 2.59 0.24 0.089 29 330 690 8 18
0.08 2.50 0.21 0.085 30 220 690 9 17
0.08 2.65 0.25 0.087 26 350 695 8 19
0.05 2.35 0.26 0.082 29 310 695 9 18
0.07 2.02 0.30 0.070 28 360 700 8 16
0.05 2.64 0.24 0.078 28 390 700 9 15
0.07 2.22 0.32 0.080 28 280 700 6 15
0.08 2.44 0.25 0.081 28 300 700 9 17
0.08 2.40 0.29 0.075 29 360 695 8 17
0.04 2.03 0.18 0.080 33 265 695 8 16
0.06 2.44 0.22 0.073 29 320 700 9 17
0.09 2.09 0.20 0.072 28 330 700 6 18
0.07 2.53 0.25 0.085 29 300 700 9 15
0.07 2.54 0.23 0.088 27 380 690 8 17
0.07 2.45 0.24 0.071 28 340 700 7 15
0.08 2.39 0.24 0.086 29 290 695 8 18
0.06 2.58 0.23 0.087 28 355 695 6 16
0.06 2.48 0.23 0.074 29 310 695 8 18
0.07 2.50 0.24 0.081 30 310 695 9 18
0.06 2.13 0.19 0.073 30 280 695 7 16
0.07 2.39 0.25 0.082 31 280 695 6 17
0.07 2.35 0.20 0.090 30 695 695 8 17
0.10 2.68 0.30 0.087 27 300 700 9 17
0.07 2.40 0.26 0.082 27 310 700 9 18
0.05 2.23 0.21 0.081 29 360 695 8 17